{
 "cells": [
  {
   "cell_type": "code",
   "execution_count": 1,
   "metadata": {},
   "outputs": [],
   "source": [
    "import pandas as pd\n",
    "import numpy as np\n",
    "from sklearn.preprocessing import StandardScaler"
   ]
  },
  {
   "cell_type": "code",
   "execution_count": 2,
   "metadata": {},
   "outputs": [],
   "source": [
    "dataset = pd.read_csv('../dataset/dataset_preprocessed_numeric.csv', header=0, low_memory=False)"
   ]
  },
  {
   "cell_type": "code",
   "execution_count": 3,
   "metadata": {},
   "outputs": [
    {
     "name": "stdout",
     "output_type": "stream",
     "text": [
      "<class 'pandas.core.frame.DataFrame'>\n",
      "RangeIndex: 809711 entries, 0 to 809710\n",
      "Data columns (total 30 columns):\n",
      " #   Column                    Non-Null Count   Dtype\n",
      "---  ------                    --------------   -----\n",
      " 0   COMISARIA                 809711 non-null  int64\n",
      " 1   DERIVADA_FISCALIA         809711 non-null  int64\n",
      " 2   DIRECCION                 809711 non-null  int64\n",
      " 3   DIST_CIA                  809711 non-null  int64\n",
      " 4   DIST_HECHO                809711 non-null  int64\n",
      " 5   DPTO_CIA                  809711 non-null  int64\n",
      " 6   DPTO_HECHO                809711 non-null  int64\n",
      " 7   EDAD                      809711 non-null  int64\n",
      " 8   EST_CIVIL                 809711 non-null  int64\n",
      " 9   LIBRO                     809711 non-null  int64\n",
      " 10  MODALIDAD                 809711 non-null  int64\n",
      " 11  PROV_CIA                  809711 non-null  int64\n",
      " 12  PROV_HECHO                809711 non-null  int64\n",
      " 13  REGION                    809711 non-null  int64\n",
      " 14  SEXO                      809711 non-null  int64\n",
      " 15  SIT_PERSONA               809711 non-null  int64\n",
      " 16  SUB_TIPO                  809711 non-null  int64\n",
      " 17  TIPO                      809711 non-null  int64\n",
      " 18  TIPO_DENUNCIA             809711 non-null  int64\n",
      " 19  UBICACION                 809711 non-null  int64\n",
      " 20  VIA                       809711 non-null  int64\n",
      " 21  PAIS_NATAL                809711 non-null  int64\n",
      " 22  FEC_REGISTRO_ANIO         809711 non-null  int64\n",
      " 23  FEC_REGISTRO_MES          809711 non-null  int64\n",
      " 24  FEC_REGISTRO_DIA          809711 non-null  int64\n",
      " 25  FEC_REGISTRO_DIA_SEM      809711 non-null  int64\n",
      " 26  FECHA_HORA_HECHO_ANIO     809711 non-null  int64\n",
      " 27  FECHA_HORA_HECHO_MES      809711 non-null  int64\n",
      " 28  FECHA_HORA_HECHO_DIA      809711 non-null  int64\n",
      " 29  FECHA_HORA_HECHO_DIA_SEM  809711 non-null  int64\n",
      "dtypes: int64(30)\n",
      "memory usage: 185.3 MB\n"
     ]
    }
   ],
   "source": [
    "dataset.info()"
   ]
  },
  {
   "cell_type": "code",
   "execution_count": 4,
   "metadata": {},
   "outputs": [],
   "source": [
    "x = dataset.drop('MODALIDAD', axis=1).values\n",
    "y = dataset['MODALIDAD'].values"
   ]
  },
  {
   "cell_type": "code",
   "execution_count": 5,
   "metadata": {},
   "outputs": [
    {
     "name": "stdout",
     "output_type": "stream",
     "text": [
      "[[ 412    4  305 ...    1    1    4]\n",
      " [1096    9  963 ...    1    1    4]\n",
      " [1096    9  963 ...    1    1    4]\n",
      " ...\n",
      " [ 993    4  715 ...   11   25    0]\n",
      " [ 993    4  715 ...   12   22    6]\n",
      " [ 993    4  715 ...   12   27    4]]\n",
      "[2 2 2 ... 4 4 4]\n"
     ]
    }
   ],
   "source": [
    "print(x)\n",
    "print(y)"
   ]
  },
  {
   "cell_type": "markdown",
   "metadata": {},
   "source": [
    "### PCA"
   ]
  },
  {
   "cell_type": "markdown",
   "metadata": {},
   "source": [
    "#### Matriz de covarianza"
   ]
  },
  {
   "cell_type": "code",
   "execution_count": 6,
   "metadata": {},
   "outputs": [],
   "source": [
    "class convers_pca():\n",
    "    def __init__(self, no_of_components):\n",
    "        self.no_of_components = no_of_components\n",
    "        self.eigen_values = None\n",
    "        self.eigen_vectors = None\n",
    "    def transform(self, x):\n",
    "        return np.dot(x - self.mean, self.projection_matrix.T)\n",
    "    def inverse_transform(self, x):\n",
    "        return np.dot(x, self.projection_matrix) + self.mean\n",
    "    def fit(self, x):\n",
    "        self.no_of_components = x.shape[1] if self.no_of_components is None else self.no_of_components\n",
    "        self.mean = np.mean(x, axis=0)\n",
    "        cov_matrix = np.cov(x - self.mean, rowvar=False)\n",
    "        self.eigen_values, self.eigen_vectors = np.linalg.eig(cov_matrix)\n",
    "        self.eigen_vectors = self.eigen_vectors.T\n",
    "        self.sorted_components = np.argsort(self.eigen_values)[::-1]\n",
    "        self.projection_matrix = self.eigen_vectors[self.sorted_components[:self.no_of_components]]\n",
    "        self.explained_variance = self.eigen_values[self.sorted_components]\n",
    "        self.explained_variance_ratio = self.explained_variance / self.eigen_values.sum()"
   ]
  },
  {
   "cell_type": "code",
   "execution_count": 7,
   "metadata": {},
   "outputs": [],
   "source": [
    "std = StandardScaler()\n",
    "x_std = std.fit_transform(x)"
   ]
  },
  {
   "cell_type": "code",
   "execution_count": 8,
   "metadata": {},
   "outputs": [],
   "source": [
    "pca = convers_pca(no_of_components=2)\n",
    "pca.fit(x_std)"
   ]
  },
  {
   "cell_type": "code",
   "execution_count": 9,
   "metadata": {},
   "outputs": [
    {
     "data": {
      "text/plain": [
       "array([[ 1.26941656e-01, -5.31631961e-02,  2.83882865e-03,\n",
       "         2.29896034e-01,  2.22769549e-01,  4.21648778e-01,\n",
       "         4.21027740e-01, -1.21821071e-02,  2.75786242e-02,\n",
       "         3.18584286e-02,  4.05547151e-01,  4.03545452e-01,\n",
       "         3.47412833e-01,  2.07660599e-02, -3.79228546e-03,\n",
       "         1.78217409e-02, -1.51831894e-01,  5.61011208e-02,\n",
       "        -2.90634905e-02,  1.30545140e-02,  8.32869067e-03,\n",
       "         1.50445696e-01,  2.02653799e-02,  8.78581552e-04,\n",
       "         6.66091774e-04,  1.49019619e-01,  1.67712657e-02,\n",
       "        -6.54840942e-04,  1.24910976e-03],\n",
       "       [-9.14233518e-02, -8.97844477e-02,  2.09991302e-03,\n",
       "        -1.50640624e-01, -1.54737389e-01, -1.29478978e-01,\n",
       "        -1.27139993e-01,  3.21431218e-02,  4.48346774e-02,\n",
       "        -8.38136222e-02, -1.46895668e-01, -1.46485311e-01,\n",
       "         2.21668981e-01,  7.61658199e-02, -4.97990274e-02,\n",
       "         4.05688566e-02, -4.82278703e-01, -1.05432161e-01,\n",
       "        -1.44335707e-02, -3.69700508e-02,  3.27982908e-02,\n",
       "         5.17041513e-01,  8.25585018e-02, -8.21977471e-04,\n",
       "         2.98849509e-03,  5.15628717e-01,  7.37277222e-02,\n",
       "        -3.92567881e-03,  9.30243052e-04],\n",
       "       [-2.27507226e-02, -5.57178407e-03, -1.44603651e-02,\n",
       "        -4.76318341e-02, -4.48898681e-02,  1.21874788e-02,\n",
       "         1.35683353e-02,  2.30563215e-02, -9.72748773e-03,\n",
       "        -3.11478375e-02,  4.82178593e-03,  5.06000255e-03,\n",
       "         7.98066435e-02, -1.26513801e-01,  7.75721166e-02,\n",
       "         9.37835583e-03, -4.15710030e-02, -3.44360982e-02,\n",
       "        -1.37958020e-02, -6.11349786e-02,  5.35628186e-03,\n",
       "        -1.46179684e-01,  6.72342434e-01,  6.49391083e-02,\n",
       "         9.49898268e-03, -1.45580016e-01,  6.73976958e-01,\n",
       "         6.58765022e-02,  1.14625274e-02],\n",
       "       [ 3.23986194e-01,  5.89763636e-02,  2.50040700e-01,\n",
       "         5.63072070e-01,  5.66403919e-01, -2.25274288e-01,\n",
       "        -2.26399150e-01,  5.63861298e-02, -4.20865605e-02,\n",
       "        -9.36760240e-02, -1.10087320e-01, -1.10816351e-01,\n",
       "        -1.14147006e-01,  3.20936982e-03,  1.30370301e-02,\n",
       "        -6.85309704e-03, -7.46341266e-02, -8.58782005e-02,\n",
       "         5.04457117e-02, -3.09431472e-02,  4.83333608e-03,\n",
       "         7.61034013e-02,  6.85653707e-02, -1.44176872e-02,\n",
       "         9.75322123e-03,  7.57017048e-02,  6.68464392e-02,\n",
       "        -1.67468163e-02,  6.09229277e-03],\n",
       "       [-1.87448214e-02,  6.88261142e-02, -8.44058128e-03,\n",
       "        -2.08068931e-02, -1.99527331e-02,  9.23486479e-03,\n",
       "         9.95320401e-03,  9.41369107e-03, -2.77306082e-03,\n",
       "        -4.40894581e-02,  1.36910557e-02,  1.33595836e-02,\n",
       "         1.22648755e-02, -9.19444357e-03,  1.05488737e-02,\n",
       "        -1.54076382e-02,  1.34051450e-03, -4.08264315e-02,\n",
       "        -1.28547444e-02, -4.46432818e-02, -4.72496433e-03,\n",
       "        -1.69488258e-02,  5.68209426e-02, -7.00243786e-01,\n",
       "        -5.98493385e-03, -1.69006332e-02,  5.55978891e-02,\n",
       "        -6.99760159e-01, -7.20631957e-03],\n",
       "       [-1.33833334e-01,  9.57968724e-02,  8.66533845e-02,\n",
       "        -3.04468584e-02, -3.38551080e-02,  8.24189732e-03,\n",
       "         1.91071843e-02,  3.24652689e-02,  1.18571435e-02,\n",
       "        -6.35233808e-01,  1.30892414e-01,  1.28422478e-01,\n",
       "         2.47318764e-02, -6.12303929e-04, -8.08391662e-02,\n",
       "        -1.08851310e-01,  6.03055564e-02, -6.33507241e-01,\n",
       "        -1.26523697e-01, -2.32062511e-01, -2.77081393e-02,\n",
       "        -6.68011946e-02, -6.03776331e-02,  5.53609042e-02,\n",
       "        -6.61293954e-02, -6.71973638e-02, -6.08783117e-02,\n",
       "         5.49008148e-02, -5.63961422e-02],\n",
       "       [ 1.21445072e-02,  7.09608585e-03, -1.97267163e-02,\n",
       "         7.07306735e-01, -7.04718415e-01,  2.56724841e-03,\n",
       "        -9.46532782e-03,  2.09707140e-03,  3.78894192e-03,\n",
       "         8.49578173e-03,  2.61440294e-02, -3.71636826e-02,\n",
       "         6.99548136e-03, -3.98879153e-04,  8.08279135e-04,\n",
       "         1.41845943e-03,  4.37184495e-03, -7.38549348e-03,\n",
       "         2.78819894e-03, -9.67689176e-03,  8.38543977e-06,\n",
       "        -2.35697228e-03,  4.79361189e-04,  7.85489961e-04,\n",
       "         3.49262425e-04, -3.97507813e-03, -1.17778909e-04,\n",
       "        -6.48795339e-04,  8.88982514e-04],\n",
       "       [ 9.17571745e-04, -1.18466990e-03, -3.20611780e-03,\n",
       "        -7.40301659e-04,  3.20463865e-03, -6.86698770e-01,\n",
       "         6.83666619e-01, -4.14861970e-04, -8.56527566e-05,\n",
       "         1.50104634e-03,  1.75332199e-01, -1.73706947e-01,\n",
       "        -1.95681704e-03, -1.20736653e-04,  1.76760976e-04,\n",
       "        -5.63890869e-05, -1.17673514e-03,  9.27655466e-03,\n",
       "         1.14570231e-03,  1.48485657e-03,  1.64103482e-04,\n",
       "        -1.78023782e-03, -1.46324096e-03, -4.17013367e-04,\n",
       "         2.16400698e-04,  1.40572056e-03,  1.04136118e-03,\n",
       "         2.03309753e-04,  3.27861260e-05],\n",
       "       [-1.04792637e-03,  8.07028822e-04,  2.01298711e-03,\n",
       "        -3.37219198e-02,  3.05458279e-02,  1.73326477e-01,\n",
       "        -1.75516373e-01,  2.43404913e-04,  2.58648921e-04,\n",
       "         3.56740005e-03,  6.86603383e-01, -6.82346915e-01,\n",
       "        -4.61533077e-03, -1.59517449e-04,  1.10349552e-04,\n",
       "        -3.58984108e-04, -1.45803003e-03, -2.85793392e-03,\n",
       "        -5.47598322e-05, -2.77966777e-04, -3.19565125e-04,\n",
       "        -7.96565544e-04,  1.49123025e-03,  3.30168733e-04,\n",
       "         1.51422577e-04,  2.52897339e-03, -4.63584822e-04,\n",
       "         1.68363914e-05, -6.26923402e-05],\n",
       "       [-1.89629647e-04,  2.00659519e-04, -7.68590708e-04,\n",
       "        -1.20557560e-03,  7.52108244e-04, -1.75548108e-03,\n",
       "         1.33818658e-03, -1.37449359e-03, -4.75009571e-04,\n",
       "         4.60747279e-04,  1.35136183e-03, -1.99905175e-03,\n",
       "        -5.08978760e-04,  4.66261862e-04, -1.70133014e-04,\n",
       "        -2.03791066e-05,  1.34321256e-02,  3.88565791e-04,\n",
       "         2.89795267e-05, -4.88187714e-04,  3.26215028e-06,\n",
       "         6.75601936e-01,  2.19671638e-01,  1.50290663e-02,\n",
       "         6.66176440e-04, -6.69270952e-01, -2.16210103e-01,\n",
       "        -1.45790484e-02, -2.99365282e-04],\n",
       "       [ 2.66887340e-04, -1.63191864e-03, -7.34723123e-04,\n",
       "        -1.92131740e-04, -1.72183151e-04, -2.22874664e-03,\n",
       "        -1.77087837e-04, -2.98586516e-04, -2.08341657e-04,\n",
       "        -3.73967588e-04, -8.50975164e-04,  1.59120889e-03,\n",
       "         8.93298423e-04,  1.68153653e-03, -5.44503558e-04,\n",
       "        -4.96165339e-05, -7.68052350e-04,  1.07205632e-03,\n",
       "         6.72876310e-04,  2.15065005e-03, -9.78441193e-06,\n",
       "        -2.24640390e-01,  6.71646816e-01,  2.41037394e-02,\n",
       "        -1.63009272e-03,  2.11985963e-01, -6.72565056e-01,\n",
       "        -2.30834155e-02,  2.51885751e-03],\n",
       "       [-7.80784510e-03,  2.28319397e-02, -1.82967556e-02,\n",
       "         9.19921409e-03,  1.96882371e-02, -1.73903848e-01,\n",
       "        -1.73696869e-01, -5.82318522e-03, -1.15633423e-02,\n",
       "        -8.89169706e-03,  2.96353836e-03, -1.21513529e-03,\n",
       "         5.58653131e-01,  2.45054230e-02, -1.04069722e-02,\n",
       "        -1.01538806e-02,  7.38474528e-01,  6.18901650e-02,\n",
       "         6.59469403e-03, -3.23886536e-02,  3.35607720e-03,\n",
       "         1.77911785e-01,  3.70976797e-02, -3.78752075e-02,\n",
       "        -1.57788243e-03,  1.92953184e-01,  3.62177077e-02,\n",
       "         4.17050934e-02,  2.95841764e-03],\n",
       "       [ 1.64140849e-03, -7.50767656e-03,  3.53584609e-04,\n",
       "         7.16759182e-04, -1.60853250e-03,  1.90049641e-02,\n",
       "         1.85498405e-02,  5.28972106e-04, -8.18951394e-04,\n",
       "         2.57106875e-03, -1.20326565e-04,  5.89160764e-05,\n",
       "        -5.85605099e-02,  3.91400105e-03,  1.33157684e-03,\n",
       "        -1.52212060e-03, -2.46645107e-02, -1.03373170e-02,\n",
       "        -8.58539626e-04,  2.56024328e-03,  2.82545825e-04,\n",
       "         1.24817697e-02,  3.03741795e-02, -7.04849873e-01,\n",
       "        -6.89651644e-03, -1.40331568e-03, -2.37961291e-02,\n",
       "         7.04653533e-01,  3.06932155e-03],\n",
       "       [-4.08968309e-03, -1.86593146e-02, -5.57174171e-04,\n",
       "         6.11238925e-03,  4.35951031e-03,  4.91489745e-03,\n",
       "         4.32410930e-03,  1.65218047e-01, -1.40473935e-01,\n",
       "         5.81499860e-02, -1.32916493e-02, -1.33895867e-02,\n",
       "         9.46850061e-03,  7.30306222e-03,  1.08329646e-02,\n",
       "         5.05894220e-03, -9.37961680e-03,  5.21889873e-02,\n",
       "         1.40930629e-02,  3.45347860e-02, -7.47772672e-03,\n",
       "         4.04168868e-03,  1.16168297e-02,  4.84798976e-03,\n",
       "        -6.86289361e-01,  3.71485357e-03,  1.08341001e-02,\n",
       "         1.06544979e-03, -6.87694192e-01],\n",
       "       [-9.55105026e-02, -6.99521967e-02, -1.21040458e-02,\n",
       "         3.23511158e-02,  2.45593140e-02, -2.08749602e-01,\n",
       "        -2.16762302e-01, -3.61008534e-03,  1.01193546e-02,\n",
       "        -4.58892272e-01,  6.25854119e-02,  5.78037479e-02,\n",
       "         3.98908811e-01, -1.51552877e-02, -3.08431423e-02,\n",
       "         8.28018483e-02, -3.16018855e-01,  5.15292742e-01,\n",
       "        -3.88581597e-02,  4.25463747e-02, -2.04423109e-03,\n",
       "        -2.44945228e-01, -8.09038651e-02, -2.80372224e-02,\n",
       "         1.31130425e-02, -2.56136889e-01, -7.84715704e-02,\n",
       "         1.91107495e-02, -1.24557880e-02],\n",
       "       [-9.49676288e-02, -8.11734180e-03,  1.38683513e-02,\n",
       "         1.71704968e-02, -2.44639854e-03,  1.77918893e-01,\n",
       "         1.72668641e-01,  9.48743948e-03, -3.52539173e-02,\n",
       "        -5.13369110e-01, -2.45331053e-02, -2.59320901e-02,\n",
       "        -4.77897473e-01,  2.72886541e-02, -1.75314009e-02,\n",
       "         3.19505138e-02,  2.65571847e-01,  4.72239723e-01,\n",
       "        -6.14727200e-03, -1.08136099e-02, -3.10832029e-03,\n",
       "         2.41326872e-01,  8.85051488e-02,  1.98798367e-02,\n",
       "        -2.59218155e-02,  2.50633359e-01,  8.76482694e-02,\n",
       "        -1.60426526e-02,  2.72002161e-02],\n",
       "       [-4.33040113e-02, -2.89231190e-02, -3.81430368e-02,\n",
       "        -1.83533694e-02, -1.94892098e-02,  3.48273584e-02,\n",
       "         3.52751046e-02,  6.76691454e-01, -6.67656633e-01,\n",
       "         5.87695346e-03, -5.53502153e-03, -6.08180527e-03,\n",
       "         4.73413868e-02,  1.60233641e-01,  6.44134270e-02,\n",
       "        -2.52608052e-02, -1.61185386e-02, -1.50345290e-02,\n",
       "         1.19225291e-02,  2.10412704e-02, -8.58227878e-02,\n",
       "        -1.69945906e-02, -1.70157969e-02,  3.72810052e-03,\n",
       "         1.52418799e-01, -1.84577928e-02, -1.65599211e-02,\n",
       "         3.66272173e-03,  1.52607093e-01],\n",
       "       [ 6.30378633e-04,  1.27242542e-02,  9.55824652e-03,\n",
       "        -4.08710368e-03, -5.41230620e-03,  1.10415102e-02,\n",
       "         1.09877457e-02, -1.47686579e-02, -1.27745080e-02,\n",
       "        -1.41521774e-02,  5.42702313e-04,  8.00667671e-04,\n",
       "        -2.28673325e-02,  2.58825422e-02, -5.12308480e-03,\n",
       "         5.51190391e-03,  1.79345808e-02,  5.70609831e-03,\n",
       "        -5.19881238e-04, -4.88808328e-03, -1.64729672e-03,\n",
       "         1.00313277e-02,  9.33022418e-03, -2.23227879e-03,\n",
       "         7.05601140e-01,  1.27385554e-02,  5.30421881e-03,\n",
       "         5.66294071e-03, -7.06368552e-01],\n",
       "       [ 6.55316861e-02, -7.09197795e-03,  9.08180434e-03,\n",
       "        -2.24938005e-02, -2.70236375e-02, -1.43611614e-02,\n",
       "        -1.46125265e-02, -7.01399458e-01, -6.85488924e-01,\n",
       "        -1.99110161e-02,  1.38285385e-02,  1.33567349e-02,\n",
       "         1.36534255e-02,  1.50625242e-01,  2.20317898e-03,\n",
       "        -1.05664534e-02, -4.34998748e-02, -2.05672881e-02,\n",
       "         2.12352568e-02, -6.03423490e-02, -1.09496151e-02,\n",
       "         7.64865648e-03,  1.66445060e-02,  4.59233988e-04,\n",
       "        -3.23911872e-02,  8.58204480e-03,  1.77898298e-02,\n",
       "        -1.09153083e-03, -1.88366234e-04],\n",
       "       [ 8.15390382e-01, -9.31158083e-02,  2.51893207e-01,\n",
       "        -2.91283145e-01, -2.84920320e-01,  6.46147670e-03,\n",
       "         7.14169501e-03,  9.09859741e-02,  2.18017927e-02,\n",
       "        -1.18284346e-01,  3.27269920e-02,  3.27443994e-02,\n",
       "         1.43829078e-02, -3.54394409e-02, -7.00057609e-02,\n",
       "         7.80346048e-02,  1.91603562e-02,  5.49557383e-02,\n",
       "         1.50254180e-01, -1.79220981e-01,  1.21708677e-02,\n",
       "        -1.81831058e-02, -1.73825994e-02, -3.36848294e-03,\n",
       "        -5.73096385e-03, -1.86918435e-02, -1.71131408e-02,\n",
       "        -2.31880669e-03,  1.37292829e-03],\n",
       "       [-1.53994926e-01,  1.69061258e-01,  4.55777394e-01,\n",
       "         3.15106801e-02,  2.68019124e-02,  3.36755390e-01,\n",
       "         3.40744548e-01, -2.70296447e-02, -7.64074512e-03,\n",
       "        -1.31091376e-02, -4.17924657e-01, -4.23656081e-01,\n",
       "         2.81633366e-01, -2.95435586e-02, -9.55693489e-02,\n",
       "         1.07932203e-01, -9.23213211e-03,  3.71334918e-02,\n",
       "         9.22388316e-02, -1.47096587e-01,  2.32781210e-02,\n",
       "        -9.23141466e-02, -3.82136638e-02,  7.88520979e-04,\n",
       "         4.97664730e-04, -9.35761247e-02, -3.97324665e-02,\n",
       "         1.12842308e-02,  8.49688176e-03],\n",
       "       [-2.07218752e-01, -4.84969584e-01,  3.53168436e-01,\n",
       "         1.84086971e-02,  6.38007368e-04, -7.50963396e-02,\n",
       "        -7.33950767e-02,  1.63285194e-02,  9.21035027e-03,\n",
       "         1.15669864e-01,  1.26900673e-01,  1.28478907e-01,\n",
       "        -1.12511986e-01,  2.19623129e-01, -4.56935611e-01,\n",
       "         4.91602280e-01,  8.84226294e-02, -7.23199438e-02,\n",
       "        -6.06012554e-02,  2.22849172e-02, -3.72093284e-02,\n",
       "        -3.82511821e-02,  4.67763015e-02, -2.60384346e-02,\n",
       "         4.66898695e-04, -3.76032965e-02,  4.94774299e-02,\n",
       "        -3.39181561e-02,  1.13712778e-02],\n",
       "       [ 2.38706522e-02,  5.86011223e-01,  3.35668601e-01,\n",
       "        -8.96299405e-02, -1.03812628e-01, -7.23062929e-02,\n",
       "        -7.06422459e-02,  1.67954097e-02, -9.34712753e-02,\n",
       "         4.99001885e-02,  1.29092212e-01,  1.31483855e-01,\n",
       "        -2.85862619e-02, -1.88822973e-01, -3.07578913e-01,\n",
       "        -4.59351167e-03, -2.86145528e-02,  4.35938275e-02,\n",
       "        -3.01389144e-01,  4.81956503e-01, -5.12377084e-02,\n",
       "         5.69800405e-02,  3.27375412e-02,  1.31752219e-02,\n",
       "         5.07994381e-03,  5.69323029e-02,  3.12567314e-02,\n",
       "         1.80863180e-02,  1.53064172e-02],\n",
       "       [ 8.60707358e-02,  3.98901519e-02,  1.72094503e-01,\n",
       "        -4.47097377e-02, -5.15995242e-02,  2.74032602e-02,\n",
       "         2.91562731e-02, -3.91108645e-02,  1.65055528e-01,\n",
       "        -9.66258202e-02, -3.30968604e-02, -3.42380531e-02,\n",
       "         3.01173680e-02,  6.65161968e-01,  5.20136697e-01,\n",
       "         1.22338717e-01,  2.76783185e-02, -7.79057852e-02,\n",
       "        -1.76377572e-01,  3.74037834e-01, -3.63067657e-02,\n",
       "        -4.28582663e-02,  3.33406785e-02,  2.17986293e-05,\n",
       "        -2.37869376e-02, -4.35723725e-02,  3.58695126e-02,\n",
       "        -4.27004682e-03, -1.83620007e-03],\n",
       "       [ 5.18333533e-02,  3.52156318e-02, -2.66167262e-01,\n",
       "         1.75355036e-02,  2.24645526e-02,  5.90685391e-02,\n",
       "         5.82920306e-02, -1.83408368e-02,  2.42204537e-02,\n",
       "        -1.89719288e-01, -5.91355157e-02, -6.12646748e-02,\n",
       "         5.49848480e-02,  1.13855528e-01, -3.11657830e-01,\n",
       "         3.43033414e-02,  1.11047252e-02, -1.67864168e-01,\n",
       "         6.76308454e-01,  5.16814600e-01,  2.80999402e-02,\n",
       "        -3.14292095e-02,  3.89549568e-02, -9.20937143e-03,\n",
       "         2.92521854e-05, -3.23714696e-02,  4.18949640e-02,\n",
       "        -9.50716690e-03,  1.75433638e-03],\n",
       "       [ 1.02791838e-01,  3.52985607e-01, -3.08996765e-01,\n",
       "         2.26037559e-02,  4.09993352e-02,  6.51309485e-03,\n",
       "         4.95232713e-03,  4.24557810e-02,  1.05798654e-01,\n",
       "         8.95249538e-02, -3.47467291e-02, -3.44305512e-02,\n",
       "        -7.89645928e-03,  5.79210445e-01, -4.69240837e-01,\n",
       "        -7.93148179e-02, -3.94383179e-02,  1.18949909e-01,\n",
       "        -1.57939518e-01, -3.52077685e-01,  6.23289173e-02,\n",
       "        -4.93548414e-02,  5.75999502e-02,  2.12168735e-02,\n",
       "        -2.40550662e-02, -4.94591103e-02,  5.85707620e-02,\n",
       "         2.27303374e-02, -3.33257145e-04],\n",
       "       [-2.27418577e-01,  4.23203453e-01,  2.14147379e-01,\n",
       "        -4.22552518e-02, -4.39120717e-02, -1.19585070e-01,\n",
       "        -1.18980597e-01,  2.29059047e-02,  3.21658003e-02,\n",
       "         9.67634494e-02,  2.27383150e-01,  2.31606924e-01,\n",
       "        -7.58314840e-02,  8.79763817e-02,  2.46074698e-01,\n",
       "         2.65804859e-01, -4.71130759e-02,  7.00084698e-02,\n",
       "         5.44546239e-01, -3.34134464e-01, -1.01023121e-01,\n",
       "         4.09150449e-02, -4.59746206e-03,  2.14598673e-02,\n",
       "        -1.01040243e-02,  4.10418140e-02, -6.58490393e-03,\n",
       "         2.62175920e-02,  3.36166292e-03],\n",
       "       [ 1.34005599e-01,  2.05681480e-01, -3.98620120e-01,\n",
       "         3.09546302e-02,  4.88306707e-02,  4.07978076e-02,\n",
       "         4.09645025e-02,  7.80741087e-03, -7.13472129e-02,\n",
       "        -7.48311812e-02, -8.00790053e-02, -8.17297055e-02,\n",
       "         1.35569074e-02, -2.02184457e-01,  1.06918645e-01,\n",
       "         7.86471785e-01,  1.96634622e-02, -1.15341606e-01,\n",
       "        -1.99582792e-01, -1.04693321e-02,  1.50701698e-01,\n",
       "         7.24832676e-03, -3.62765975e-02,  5.20176309e-03,\n",
       "        -3.02823715e-04,  8.10459714e-03, -3.74735222e-02,\n",
       "         8.03087070e-03, -2.19180967e-03],\n",
       "       [-6.93979468e-02,  2.65525788e-03,  1.32997888e-01,\n",
       "        -1.60805769e-02, -2.21664406e-02, -2.87004046e-02,\n",
       "        -2.85372885e-02,  5.11996532e-02, -6.05014256e-02,\n",
       "         9.64876233e-03,  6.55454921e-02,  6.60510199e-02,\n",
       "        -3.04460679e-02,  3.82525184e-02,  4.16099212e-02,\n",
       "        -7.72546384e-02,  1.27274759e-02,  4.09105527e-03,\n",
       "         4.73466800e-02,  1.69054773e-02,  9.73054062e-01,\n",
       "        -1.24348128e-02, -3.45214145e-03, -1.33036023e-03,\n",
       "         6.82764236e-03, -1.25893735e-02, -3.11236133e-03,\n",
       "        -2.45552790e-03,  6.86145284e-03]])"
      ]
     },
     "execution_count": 9,
     "metadata": {},
     "output_type": "execute_result"
    }
   ],
   "source": [
    "pca.eigen_vectors"
   ]
  },
  {
   "cell_type": "code",
   "execution_count": 10,
   "metadata": {},
   "outputs": [
    {
     "data": {
      "text/plain": [
       "array([3.8575953 , 2.84777664, 2.03216385, 1.8242723 , 1.69775651,\n",
       "       1.55706388, 0.12861989, 0.00514664, 0.01543796, 0.01052292,\n",
       "       0.04402788, 0.24390283, 0.30376244, 1.38560696, 0.44630295,\n",
       "       0.49839296, 1.29135063, 0.61796126, 0.69937725, 0.78287732,\n",
       "       0.83363949, 1.05502694, 0.90225395, 0.92600042, 1.03003923,\n",
       "       1.0200981 , 0.96870687, 0.97823838, 0.99611408])"
      ]
     },
     "execution_count": 10,
     "metadata": {},
     "output_type": "execute_result"
    }
   ],
   "source": [
    "pca.eigen_values"
   ]
  },
  {
   "cell_type": "code",
   "execution_count": 11,
   "metadata": {},
   "outputs": [
    {
     "data": {
      "text/plain": [
       "array([ 0,  1,  2,  3,  4,  5, 13, 16, 21, 24, 25, 28, 27, 26, 23, 22, 20,\n",
       "       19, 18, 17, 15, 14, 12, 11,  6, 10,  8,  9,  7], dtype=int64)"
      ]
     },
     "execution_count": 11,
     "metadata": {},
     "output_type": "execute_result"
    }
   ],
   "source": [
    "pca.sorted_components"
   ]
  },
  {
   "cell_type": "code",
   "execution_count": 12,
   "metadata": {},
   "outputs": [
    {
     "data": {
      "text/plain": [
       "<matplotlib.collections.PathCollection at 0x282d2c79c40>"
      ]
     },
     "execution_count": 12,
     "metadata": {},
     "output_type": "execute_result"
    },
    {
     "data": {
